NETWORK STATISTICS
Number of nodes (N) = 6223
Number of edges (M) = 15724
Average level (k) = 5.0535
LCC = 6223 (100.0%)

OBSERVED METRICS
C_obs = 0.069184
L_obs = 4.5088 (sampled)
L_min = 1
L_max = 9
Diameter = 9

NULL MODEL (Degree-preserving, K=300)
C_rand = 0.006303 ± 0.000571 [0.005231, 0.007513]
L_rand = 4.3230 ± 0.0254 [4.2774, 4.3726]

STATISTICAL TESTS
p(C) = 0.0000 (sig.)
p(L) = 0.5067 (n.s.)

RESULT
C_obs/C_rand = 10.98x
L_obs/L_rand = 1.04x

sigma = 10.5240 => SMALL-WORLD
